8.305000000000000000e+03 8.623400080993420119e-04
8.355000000000000000e+03 1.141827695503311183e-03
8.400000000000000000e+03 1.898613703056900928e-02
8.445000000000000000e+03 1.171074353423923187e-03
1.018000000000000000e+04 2.738132741000998734e-03
1.018998999999999978e+04 3.874490369762203026e-03
1.024200000000000000e+04 1.370233065923936566e+00
1.016700000000000000e+04 2.501733577785932722e-03
1.016751000000000022e+04 2.489683302531768214e-03
1.016800000000000000e+04 2.099237473016068480e-03
1.016848999999999978e+04 2.560869572417952354e-03
1.016900000000000000e+04 2.278099256906638333e-03
1.016950000000000000e+04 2.530360546052522804e-03
1.017000000000000000e+04 2.422835116921881818e-03
1.017050000000000000e+04 2.241144874863780414e-03
1.017100000000000000e+04 2.589796258067056552e-03
1.017150000000000000e+04 2.635594719114405828e-03
1.017200000000000000e+04 2.117680576584393334e-03
1.017250000000000000e+04 2.635369330300662075e-03
1.017300000000000000e+04 2.817458210128606470e-03
1.017350000000000000e+04 2.129827942263858020e-03
1.017400000000000000e+04 2.253417130506311233e-03
1.017450000000000000e+04 2.220035604501301857e-03
1.017500000000000000e+04 3.178564899919109760e-03
1.017550000000000000e+04 2.375600102257831390e-03
1.017600000000000000e+04 2.486155661203384021e-03
1.017651000000000022e+04 2.236529454656689155e-03
1.017701000000000022e+04 2.597660017543806151e-03
1.017750000000000000e+04 2.336809581392132809e-03
1.017801000000000022e+04 2.769327440178870163e-03
1.017850000000000000e+04 2.777524746259524627e-03
1.017898999999999978e+04 3.119918066889322376e-03
1.017948999999999978e+04 2.581015571226704265e-03
1.018000000000000000e+04 2.980310757449710496e-03
1.018050000000000000e+04 3.220410921513007767e-03
1.018101000000000022e+04 2.753460962733994197e-03
1.018150000000000000e+04 2.887484594594964035e-03
1.018200000000000000e+04 3.450549484513355889e-03
1.018250000000000000e+04 2.998675641482365616e-03
1.018300000000000000e+04 2.628992668529628492e-03
1.018350000000000000e+04 2.635618543088432460e-03
1.018400000000000000e+04 3.260846162900229300e-03
1.018450000000000000e+04 2.776845846128999772e-03
1.018500000000000000e+04 2.905758977826378067e-03
1.018550000000000000e+04 3.303113594488015121e-03
1.018600000000000000e+04 2.856946279929798924e-03
1.018650000000000000e+04 3.737282663905360566e-03
1.018700000000000000e+04 2.780994185498063265e-03
1.018751000000000022e+04 3.478076013237509697e-03
1.018800000000000000e+04 3.466511813231213084e-03
1.018850000000000000e+04 3.722312702520806042e-03
1.018900000000000000e+04 3.646327745880853163e-03
1.018950000000000000e+04 3.968830615753923124e-03
1.019000000000000000e+04 3.878888699700449531e-03
1.019050000000000000e+04 4.323960984945815836e-03
1.019100000000000000e+04 4.365941822011912450e-03
1.019150000000000000e+04 4.570758776277220742e-03
1.019200000000000000e+04 4.227507418796828953e-03
1.019250000000000000e+04 5.125515139983350191e-03
1.019300000000000000e+04 5.073917416390056820e-03
1.019348999999999978e+04 5.219499103042040886e-03
1.019400000000000000e+04 5.571683321299311827e-03
1.019450000000000000e+04 5.359369393955315530e-03
1.019500000000000000e+04 5.504464351055993881e-03
1.019550000000000000e+04 6.469954735941777987e-03
1.019601000000000022e+04 6.966002679469967922e-03
1.019650000000000000e+04 7.032127574888844858e-03
1.019700000000000000e+04 7.161482510077660929e-03
1.019750000000000000e+04 7.611637322774088797e-03
1.019800000000000000e+04 9.108212547158489603e-03
1.019848999999999978e+04 1.035362877516059384e-02
1.019901000000000022e+04 1.188636795883615989e-02
1.019950000000000000e+04 1.278256724398877699e-02
1.020000000000000000e+04 1.471351259990195427e-02
1.020051000000000022e+04 1.640602746953668395e-02
1.020101000000000022e+04 1.748108702508187687e-02
1.020150000000000000e+04 1.912526138814251223e-02
1.020200000000000000e+04 2.092473723599765772e-02
1.020220000000000073e+04 2.007067164428402717e-02
1.020239999999999964e+04 2.135678631125164859e-02
1.020260000000000036e+04 2.033586308891274091e-02
1.020279999999999927e+04 2.175767356929648316e-02
1.020300000000000000e+04 2.313750630323370069e-02
1.020320000000000073e+04 2.637657630793863520e-02
1.020339999999999964e+04 2.679406914214427227e-02
1.020360000000000036e+04 3.198816767156278940e-02
1.020379999999999927e+04 4.167231910780274523e-02
1.020400000000000000e+04 4.973089615809348635e-02
1.020420000000000073e+04 6.177203944348148151e-02
1.020439999999999964e+04 7.494377110602978842e-02
1.020460000000000036e+04 8.566306511725475803e-02
1.020480999999999949e+04 9.934881350785476628e-02
1.020501000000000022e+04 1.168887007001958300e-01
1.020520000000000073e+04 1.343913318659566980e-01
1.020539999999999964e+04 1.563866032668167205e-01
1.020560000000000036e+04 1.781107488878315992e-01
1.020579999999999927e+04 2.096598017748345366e-01
1.020600000000000000e+04 2.501388235127435244e-01
1.020620000000000073e+04 3.040741128514693470e-01
1.020639999999999964e+04 3.697131169789699690e-01
1.020660000000000036e+04 4.514828314095011286e-01
1.020680999999999949e+04 5.530476357021880673e-01
1.020700000000000000e+04 6.834677958703770928e-01
1.020710000000000036e+04 7.482855366691055776e-01
1.020720000000000073e+04 8.218064600894348093e-01
1.020729999999999927e+04 8.978995062497734381e-01
1.020739999999999964e+04 9.680110746960149948e-01
1.020750000000000000e+04 1.052573776524339921e+00
1.020760000000000036e+04 1.134522647570354481e+00
1.020770000000000073e+04 1.223109175871842202e+00
1.020779999999999927e+04 1.320751034750054620e+00
1.020789999999999964e+04 1.418008439607427729e+00
1.020800000000000000e+04 1.509601546752270318e+00
1.020810000000000036e+04 1.615708856367142676e+00
1.020819000000000051e+04 1.710909071815813531e+00
1.020830999999999949e+04 1.816992461341254916e+00
1.020839999999999964e+04 1.922230707384955162e+00
1.020850000000000000e+04 2.053959194098118779e+00
1.020860000000000036e+04 2.148826599064758369e+00
1.020870999999999913e+04 2.261064489065571781e+00
1.020879999999999927e+04 2.360574309571982443e+00
1.020889999999999964e+04 2.493500003193577008e+00
1.020900000000000000e+04 2.593888018276219842e+00
1.020910000000000036e+04 2.697778613319731900e+00
1.020920000000000073e+04 2.837151086367128094e+00
1.020929999999999927e+04 2.938620482010042334e+00
1.020939999999999964e+04 3.031873873183430046e+00
1.020950000000000000e+04 3.162088766393236217e+00
1.020960000000000036e+04 3.250471491719584716e+00
1.020970000000000073e+04 3.365337336246053912e+00
1.020979999999999927e+04 3.453328997369975450e+00
1.020989999999999964e+04 3.541204106589274758e+00
1.021000000000000000e+04 3.645716405869876553e+00
1.021011000000000058e+04 3.724831345691880458e+00
1.021020000000000073e+04 3.809005714231096906e+00
1.021029999999999927e+04 3.915187719868149951e+00
1.021038999999999942e+04 4.013610179921636600e+00
1.021051000000000022e+04 4.089035734518600584e+00
1.021060000000000036e+04 4.156966596739153808e+00
1.021070999999999913e+04 4.207031080919009902e+00
1.021079999999999927e+04 4.235932535081406769e+00
1.021089999999999964e+04 4.256328856516951475e+00
1.021101000000000022e+04 4.273554237188311511e+00
1.021110000000000036e+04 4.281550290196946662e+00
1.021120000000000073e+04 4.277964344972120969e+00
1.021130999999999949e+04 4.237664663031591950e+00
1.021139999999999964e+04 4.222497892974831579e+00
1.021150000000000000e+04 4.204274403772014779e+00
1.021160000000000036e+04 4.200670322432411119e+00
1.021170000000000073e+04 4.202781203252616393e+00
1.021179999999999927e+04 4.180015506048681218e+00
1.021189999999999964e+04 4.153653962617113393e+00
1.021201000000000022e+04 4.135200590461496795e+00
1.021210000000000036e+04 4.124629571784065973e+00
1.021220000000000073e+04 4.106817753033887186e+00
1.021229999999999927e+04 4.067973363844955337e+00
1.021240999999999985e+04 4.032205751592370824e+00
1.021250000000000000e+04 4.027412334252672643e+00
1.021260000000000036e+04 3.997746186156053483e+00
1.021270999999999913e+04 3.989347339427455008e+00
1.021279999999999927e+04 3.971776852374479638e+00
1.021289999999999964e+04 3.951171644338605127e+00
1.021300000000000000e+04 3.926383960595231759e+00
1.021310000000000036e+04 3.917232420454889841e+00
1.021320000000000073e+04 3.900027781785605718e+00
1.021329999999999927e+04 3.893571759726723869e+00
1.021338999999999942e+04 3.886203991114194789e+00
1.021350000000000000e+04 3.876797391875517640e+00
1.021361000000000058e+04 3.860272186959144314e+00
1.021370000000000073e+04 3.867108741791795978e+00
1.021379999999999927e+04 3.852046931847077804e+00
1.021389999999999964e+04 3.825804446283026294e+00
1.021400000000000000e+04 3.830694242542892702e+00
1.021410000000000036e+04 3.815189407672039845e+00
1.021420000000000073e+04 3.793225770228893623e+00
1.021429999999999927e+04 3.774779973594353244e+00
1.021439999999999964e+04 3.772465536510178907e+00
1.021450000000000000e+04 3.740702864022961815e+00
1.021461000000000058e+04 3.719690586001155985e+00
1.021470000000000073e+04 3.717976835992355067e+00
1.021480999999999949e+04 3.662866658090015992e+00
1.021489999999999964e+04 3.648109469301024088e+00
1.021500000000000000e+04 3.619150533951301707e+00
1.021510000000000036e+04 3.572625680738190201e+00
1.021520000000000073e+04 3.527502373160358751e+00
1.021529999999999927e+04 3.483098804154150407e+00
1.021539999999999964e+04 3.436895702353691018e+00
1.021550000000000000e+04 3.389468405126504713e+00
1.021560000000000036e+04 3.349316963437187766e+00
1.021569000000000051e+04 3.296058300304923083e+00
1.021579999999999927e+04 3.254222230824399098e+00
1.021589999999999964e+04 3.175921995459285441e+00
1.021601000000000022e+04 3.127073751076648644e+00
1.021610000000000036e+04 3.064755292778076790e+00
1.021620000000000073e+04 3.024426399135454080e+00
1.021629999999999927e+04 2.937911066824493656e+00
1.021639999999999964e+04 2.895074270973702735e+00
1.021650000000000000e+04 2.825578247110212882e+00
1.021659000000000015e+04 2.766953009029444299e+00
1.021670000000000073e+04 2.694467925274455222e+00
1.021679999999999927e+04 2.633226763736655318e+00
1.021689999999999964e+04 2.569408245522464718e+00
1.021700000000000000e+04 2.493255906674253897e+00
1.021710000000000036e+04 2.430887201002934539e+00
1.021719000000000051e+04 2.374699468799222668e+00
1.021729999999999927e+04 2.313973303779692792e+00
1.021739999999999964e+04 2.275692557913024494e+00
1.021750000000000000e+04 2.219735003746631463e+00
1.021760000000000036e+04 2.162322981829036816e+00
1.021770000000000073e+04 2.101149173285916216e+00
1.021779000000000087e+04 2.047746246967208972e+00
1.021789999999999964e+04 1.995012033163676923e+00
1.021801000000000022e+04 1.945570012761421941e+00
1.021809000000000015e+04 1.913176699771202527e+00
1.021820000000000073e+04 1.855573696911660075e+00
1.021829000000000087e+04 1.821870362711334401e+00
1.021839999999999964e+04 1.773007366029618170e+00
1.021850000000000000e+04 1.725679880361380869e+00
1.021860000000000036e+04 1.704315062750738630e+00
1.021870999999999913e+04 1.663327621907410903e+00
1.021879999999999927e+04 1.622540388469709605e+00
1.021889999999999964e+04 1.586104531316980815e+00
1.021900000000000000e+04 1.567790085988187476e+00
1.021910000000000036e+04 1.548056662472288458e+00
1.021920000000000073e+04 1.509457856959711464e+00
1.021929999999999927e+04 1.490237700517446306e+00
1.021939999999999964e+04 1.467731531547597390e+00
1.021950000000000000e+04 1.436697240937050202e+00
1.021960000000000036e+04 1.414031738375010727e+00
1.021970000000000073e+04 1.406711716568495474e+00
1.021979999999999927e+04 1.390285118515648621e+00
1.021989999999999964e+04 1.359947814341742056e+00
1.021998999999999978e+04 1.352355946756082394e+00
1.022050000000000000e+04 1.278285331078800047e+00
1.022100000000000000e+04 1.244477252113520560e+00
1.022150000000000000e+04 1.200992738675082272e+00
1.022200000000000000e+04 1.189318335622511214e+00
1.022250000000000000e+04 1.183133606262602333e+00
1.022300000000000000e+04 1.201216196046143825e+00
1.022350000000000000e+04 1.218665107320620500e+00
1.022400000000000000e+04 1.253848590975557009e+00
1.022450000000000000e+04 1.278556693317631110e+00
1.022500000000000000e+04 1.294358606738744699e+00
1.022550000000000000e+04 1.322381595914585484e+00
1.022600000000000000e+04 1.337512090720181401e+00
1.022650000000000000e+04 1.349125875896798776e+00
1.022700000000000000e+04 1.359374028418489866e+00
1.022751000000000022e+04 1.367605743380503780e+00
1.022800000000000000e+04 1.354683400318397402e+00
1.022850000000000000e+04 1.374710257546081227e+00
1.022900000000000000e+04 1.379549333677168033e+00
1.022950000000000000e+04 1.400521809687146790e+00
1.023000000000000000e+04 1.407520991874857685e+00
1.023051000000000022e+04 1.422147370056962234e+00
1.023098999999999978e+04 1.428106110750582136e+00
1.023150000000000000e+04 1.420460276625779450e+00
1.023201000000000022e+04 1.429368194368343614e+00
1.023250000000000000e+04 1.425722668126162107e+00
1.023300000000000000e+04 1.418236506880822922e+00
1.023350000000000000e+04 1.415494069319872983e+00
1.023400000000000000e+04 1.401231300418676717e+00
1.023450000000000000e+04 1.405860006672144724e+00
1.023500000000000000e+04 1.394661816339924032e+00
1.023550000000000000e+04 1.374108915168374967e+00
1.023600000000000000e+04 1.368935246431208785e+00
1.023650000000000000e+04 1.366343743336776440e+00
1.023700000000000000e+04 1.371520288991469938e+00
1.023750000000000000e+04 1.354770655032220050e+00
1.023800000000000000e+04 1.368581637597678480e+00
1.023850000000000000e+04 1.349722538340162536e+00
1.023900000000000000e+04 1.359279107672747955e+00
1.023950000000000000e+04 1.351945068784727200e+00
1.024000000000000000e+04 1.352602787967737807e+00
1.024051000000000022e+04 1.352582686634914433e+00
1.024098999999999978e+04 1.369564330112238881e+00
1.024150000000000000e+04 1.377328186940675714e+00
1.024200000000000000e+04 1.376349979973075177e+00
1.024250000000000000e+04 1.383338610780940003e+00
1.024300000000000000e+04 1.394129628024624257e+00
1.024348999999999978e+04 1.404203440064609287e+00
1.024400000000000000e+04 1.407343493672003953e+00
1.024451000000000022e+04 1.418283531505379225e+00
1.024500000000000000e+04 1.408274768743972061e+00
1.024550000000000000e+04 1.405679772452747445e+00
1.024600000000000000e+04 1.418594593583054619e+00
1.024650000000000000e+04 1.407431957871213335e+00
1.024701000000000022e+04 1.404607176440709981e+00
1.024801000000000022e+04 1.393223715680113495e+00
1.024900000000000000e+04 1.412771158126643112e+00
1.025000000000000000e+04 1.398482227445845938e+00
1.025100000000000000e+04 1.404694628646255827e+00
1.025200000000000000e+04 1.407929022197197622e+00
1.025300000000000000e+04 1.421805929999721885e+00
1.025400000000000000e+04 1.425793347786947551e+00
1.025500000000000000e+04 1.440542008151062259e+00
1.025600000000000000e+04 1.457869280614667584e+00
1.025701000000000022e+04 1.485462930252998026e+00
1.025800000000000000e+04 1.499989064860477672e+00
1.025900000000000000e+04 1.534111303232541079e+00
1.025998999999999978e+04 1.543216179657441955e+00
1.026100000000000000e+04 1.564407483160882517e+00
1.026200000000000000e+04 1.557103559333774534e+00
1.026300000000000000e+04 1.576921579073726765e+00
1.026400000000000000e+04 1.585406935030484687e+00
1.026500000000000000e+04 1.595913849294037012e+00
1.026600000000000000e+04 1.620462777222776651e+00
1.026700000000000000e+04 1.615457368434217944e+00
1.026800000000000000e+04 1.624802161867846984e+00
1.026900000000000000e+04 1.628733666152268444e+00
1.027000000000000000e+04 1.625936441378173614e+00
1.027101000000000022e+04 1.614787429206698377e+00
1.027200000000000000e+04 1.616343081871901788e+00
1.027300000000000000e+04 1.598904492789534393e+00
1.027400000000000000e+04 1.587551488112380893e+00
1.027500000000000000e+04 1.571272458368470293e+00
1.027601000000000022e+04 1.555554442316711805e+00
1.027700000000000000e+04 1.557394536517521910e+00
1.027800000000000000e+04 1.546242111059575652e+00
1.027900000000000000e+04 1.540652415765004335e+00
1.028000000000000000e+04 1.537914746786904541e+00
1.028101000000000022e+04 1.534236108046127312e+00
1.028200000000000000e+04 1.526542188367723707e+00
1.028300000000000000e+04 1.531177635922865932e+00
1.028400000000000000e+04 1.521224785773175769e+00
1.028500000000000000e+04 1.526934117105200217e+00
1.028600000000000000e+04 1.515928186022988955e+00
1.028700000000000000e+04 1.519440752598735900e+00
1.028801000000000022e+04 1.524970704440012481e+00
1.028900000000000000e+04 1.515268516134030907e+00
1.029000000000000000e+04 1.518449715909679920e+00
1.029100000000000000e+04 1.513737677110416735e+00
1.029200000000000000e+04 1.527322705140096160e+00
1.029300000000000000e+04 1.524164302313937291e+00
1.029401000000000022e+04 1.520578905416221538e+00
1.029500000000000000e+04 1.522448865169898857e+00
1.029600000000000000e+04 1.525212829593546315e+00
1.029700000000000000e+04 1.521405059118806413e+00
1.029800000000000000e+04 1.538219203369176169e+00
1.029900000000000000e+04 1.534981776627676320e+00
1.030000000000000000e+04 1.535905638400298034e+00
1.030100000000000000e+04 1.537369054523893164e+00
1.030200000000000000e+04 1.532629040861503977e+00
1.030300000000000000e+04 1.525222822484654683e+00
1.030401000000000022e+04 1.524505023740232224e+00
1.030501000000000022e+04 1.525582695594547067e+00
1.030600000000000000e+04 1.533247721820370835e+00
